x,y
0.0,0.0
0.0,0.0
0.1,0.0
0.1,0.0
0.1,-0.1
0.1,-0.1
0.1,-0.1
0.1,-0.1
0.6,0.6
1.0,1.4
2.7,3.3
5.5,4.8
10.0,6.5
15.3,7.5
21.6,8.5
28.4,8.9
36.7,9.5
45.9,9.9
55.5,9.6
66.1,9.5
76.9,8.5
87.8,7.5
99.3,6.3
110.0,4.2
121.2,2.5
132.2,0.8
143.3,-0.8
154.8,-2.4
166.0,-4.5
177.6,-6.9
189.3,-9.4
200.9,-12.2
212.7,-14.9
224.4,-17.9
236.5,-20.7
248.6,-23.6
260.9,-26.6
272.8,-29.8
285.2,-32.8
296.7,-36.4
308.7,-39.8
320.4,-43.5
331.9,-47.8
341.9,-53.1
350.5,-58.6
358.2,-64.1
365.6,-69.3
372.5,-75.0
379.9,-80.7
386.9,-87.1
394.4,-93.2
402.1,-99.4
410.1,-105.6
417.8,-112.1
425.8,-118.8
434.2,-125.5
442.7,-132.4
451.4,-139.5
460.0,-146.9
468.9,-154.5
478.4,-161.8
487.8,-169.5
498.1,-176.9
508.8,-184.1
519.6,-191.7
531.4,-198.9
543.3,-206.2
555.3,-213.7
567.5,-220.5
579.5,-227.4
591.5,-234.3
603.3,-241.5
615.6,-248.6
628.1,-255.8
640.0,-263.5
653.1,-270.6
665.4,-278.9
678.6,-286.6
692.5,-294.3
705.8,-302.5
720.0,-310.7
734.7,-318.8
749.5,-327.7
764.9,-336.4
781.0,-345.6
797.0,-355.5
814.2,-365.3
831.5,-375.7
849.0,-386.3
866.1,-397.1
882.7,-408.8
899.6,-420.5
915.9,-433.5
932.1,-447.3
947.2,-462.7
962.5,-478.8
977.3,-495.3
992.1,-512.2
1007.6,-529.8
1022.5,-547.4
1037.7,-564.9
1053.3,-582.2
1069.0,-599.4
1084.7,-616.7
1101.2,-633.2
1117.9,-650.1
1134.9,-667.0
1151.8,-684.0
1169.8,-700.2
1188.0,-716.0
1206.3,-731.8
1224.7,-747.5
1243.5,-762.6
1262.5,-777.8
1281.8,-792.4
1300.9,-807.0
1321.1,-820.5
1341.3,-833.5
1361.4,-846.6
1382.0,-859.1
1402.5,-871.5
1423.1,-883.0
1443.6,-894.0
1464.0,-903.7
1483.8,-912.3
1503.1,-919.3
1521.3,-925.3
1539.4,-929.8
1557.6,-933.8
1575.9,-937.5
1594.6,-940.4
1613.7,-943.2
1633.1,-945.9
1652.7,-948.7
1672.7,-951.6
1692.6,-954.4
1712.6,-957.4
1732.8,-960.5
1753.0,-963.6
1773.0,-966.6
1792.8,-969.9
1812.8,-973.4
1832.6,-977.3
1853.0,-981.7
1873.4,-986.8
1894.3,-992.7
1915.0,-1000.0
1935.8,-1008.4
1957.4,-1016.7
1979.4,-1025.3
2001.2,-1034.8
2023.6,-1043.9
2046.0,-1053.4
2069.3,-1062.5
2092.2,-1072.2
2115.7,-1081.7
2139.1,-1091.7
2162.7,-1101.6
2186.3,-1111.5
2209.9,-1121.5
2233.6,-1131.3
2257.4,-1141.1
2281.2,-1149.9
2305.2,-1158.6
2329.1,-1166.8
2353.1,-1174.5
2377.5,-1181.9
2401.7,-1189.3
2426.6,-1195.9
2451.2,-1203.0
2475.8,-1209.5
2500.2,-1216.2
2524.6,-1222.6
2548.7,-1229.4
2573.2,-1236.2
2597.7,-1242.5
2622.0,-1249.3
2646.3,-1256.4
2671.2,-1262.9
2696.1,-1269.7
2720.8,-1276.3
2745.4,-1283.2
2770.5,-1289.5
2794.8,-1296.4
2819.8,-1302.9
2844.4,-1309.9
2868.9,-1316.8
2893.8,-1323.3
2918.8,-1329.6
2943.6,-1335.3
2968.8,-1339.6
2993.8,-1343.5
3019.0,-1347.0
3044.0,-1350.4
3069.2,-1353.8
3094.2,-1357.2
3119.1,-1360.5
3143.9,-1364.0
3168.8,-1367.1
3193.2,-1370.8
3217.3,-1374.8
3241.2,-1379.5
3264.7,-1385.6
3288.3,-1393.0
3311.2,-1402.0
3334.1,-1412.2
3355.8,-1424.5
3377.7,-1436.8
3399.7,-1449.4
3421.4,-1462.6
3443.3,-1475.5
3464.6,-1488.5
3486.0,-1501.2
3506.8,-1514.0
3527.5,-1526.7
3548.0,-1539.1
3569.1,-1551.0
3589.6,-1563.0
3609.8,-1575.2
3629.5,-1587.8
3648.4,-1602.0
3666.2,-1617.7
3683.6,-1634.0
3700.0,-1651.1
3715.2,-1669.5
3729.2,-1689.1
3742.0,-1710.0
3753.4,-1732.1
3764.7,-1754.3
3775.1,-1777.3
3785.6,-1800.3
3796.5,-1823.2
3807.1,-1846.4
3818.5,-1869.1
3830.7,-1890.7
3843.2,-1912.4
3857.5,-1932.7
3873.2,-1952.0
3890.6,-1970.0
3909.2,-1986.9
3929.2,-2002.1
3950.0,-2016.4
3971.4,-2029.9
3993.4,-2042.9
4015.6,-2055.9
4037.7,-2069.2
4060.0,-2082.2
4081.6,-2096.0
4103.0,-2110.0
4123.7,-2124.9
4143.5,-2141.0
4162.2,-2157.8
4180.4,-2175.2
4198.1,-2193.0
4215.5,-2210.9
4233.3,-2228.6
4251.3,-2246.5
4269.1,-2264.3
4287.1,-2282.1
4305.1,-2300.1
4323.3,-2317.5
4341.8,-2335.0
4359.9,-2352.6
4378.0,-2370.2
4395.4,-2387.8
4413.1,-2405.0
4430.9,-2422.3
4448.4,-2439.7
4466.4,-2456.5
4484.2,-2473.3
4502.3,-2489.3
4520.8,-2504.8
4540.0,-2519.3
4559.2,-2533.8
4578.9,-2547.5
4598.8,-2561.1
4619.2,-2573.8
4639.4,-2586.8
4660.2,-2599.2
4681.2,-2611.9
4702.2,-2624.3
4722.9,-2637.5
4744.1,-2650.0
4764.7,-2663.2
4785.8,-2675.7
4806.9,-2688.6
4828.0,-2701.3
4848.7,-2714.3
4869.7,-2726.9
4890.1,-2739.6
4910.8,-2751.9
4931.6,-2764.4
4951.9,-2777.1
4972.6,-2789.4
4993.1,-2801.5
5013.7,-2813.6
5034.3,-2825.5
5055.3,-2837.0
5076.6,-2848.0
5098.1,-2858.8
5119.2,-2869.8
5139.8,-2880.4
5160.2,-2890.7
5180.3,-2901.2
5200.2,-2911.8
5220.5,-2921.9
5240.4,-2932.4
5260.3,-2942.3
5280.1,-2952.7
5299.2,-2963.0
5318.0,-2973.4
5336.9,-2983.3
5355.6,-2993.1
5374.2,-3002.9
5393.2,-3012.5
5411.8,-3022.1
5430.6,-3031.5
5449.0,-3041.2
5467.9,-3050.8
5486.7,-3061.4
5505.4,-3072.0
5523.7,-3083.9
5541.3,-3097.0
5558.5,-3110.6
5575.8,-3124.8
5592.1,-3140.3
5607.5,-3156.7
5622.1,-3174.1
5635.7,-3192.3
5648.1,-3211.9
5659.7,-3232.0
5670.8,-3252.9
5681.3,-3273.9
5692.0,-3294.7
5702.1,-3315.7
5712.6,-3336.5
5722.7,-3356.8
5733.1,-3376.8
5743.6,-3396.2
5754.2,-3415.3
5764.6,-3434.4
5774.9,-3453.9
5785.5,-3473.3
5796.0,-3493.1
5806.5,-3512.9
5817.0,-3533.1
5827.2,-3553.5
5837.3,-3573.9
5846.9,-3594.4
5856.1,-3615.1
5864.5,-3636.3
5872.4,-3657.6
5879.6,-3679.5
5886.1,-3701.3
5892.1,-3723.1
5897.3,-3744.9
5901.8,-3766.7
5905.5,-3788.5
5908.7,-3809.9
5910.7,-3831.2
5912.6,-3851.8
5913.9,-3871.5
5914.3,-3890.7
5914.5,-3908.4
5914.5,-3924.2
5914.0,-3939.1
5913.4,-3952.3
5912.6,-3963.8
5911.3,-3973.7
5910.2,-3981.4
5908.4,-3987.9
5906.1,-3992.9
5904.5,-3995.9
5903.8,-3996.8
5903.0,-3997.6
5902.4,-3998.0
5901.4,-3999.1
5899.9,-4000.7
5896.1,-4003.9
5891.0,-4006.4
5883.9,-4009.0
5875.9,-4012.5
5867.6,-4018.0
5860.9,-4025.2
5853.7,-4033.3
5851.4,-4043.4
5853.7,-4053.6
5859.6,-4062.4
5868.0,-4069.3
5877.9,-4075.1
5888.9,-4077.6
5901.0,-4077.4
5913.0,-4075.0
5925.4,-4072.2
5937.8,-4071.2
5950.2,-4072.7
5962.4,-4076.8
5974.7,-4082.3
5988.1,-4088.4
6001.5,-4094.9
6015.5,-4101.8
6029.8,-4108.9
6045.0,-4116.3
6060.7,-4124.2
6076.9,-4132.5
6093.5,-4141.5
6110.2,-4150.6
6127.1,-4159.6
6143.8,-4168.8
6160.7,-4178.0
6177.5,-4187.2
6194.5,-4196.2
6211.4,-4205.1
6228.0,-4213.8
6244.5,-4222.0
6260.4,-4230.4
6276.0,-4238.5
6291.7,-4246.0
6306.5,-4253.7
6320.9,-4260.9
6334.7,-4267.4
6347.1,-4274.1
6358.3,-4279.7
6367.5,-4284.7
6376.0,-4289.0
6382.7,-4293.8
6388.3,-4299.4
6391.7,-4307.1
6393.4,-4316.3
6394.8,-4326.7
6398.0,-4337.2
6403.1,-4347.3
6410.7,-4355.9
6420.3,-4363.1
6431.6,-4367.7
6443.0,-4370.9
6454.9,-4372.2
6466.8,-4372.4
6478.9,-4372.1
6490.9,-4371.4
6502.3,-4370.2
6513.2,-4367.8
6523.2,-4363.6
6532.2,-4357.8
6539.8,-4350.3
6546.5,-4341.1
6552.8,-4331.7
6560.6,-4323.5
6569.8,-4317.5
6580.9,-4313.7
6593.1,-4311.8
6606.5,-4310.7
6620.9,-4309.6
6636.0,-4308.5
6651.7,-4307.5
6668.3,-4306.2
6685.6,-4305.1
6703.7,-4303.8
6722.2,-4302.7
6741.4,-4301.2
6760.4,-4300.2
6779.8,-4298.8
6799.1,-4297.7
6818.5,-4296.5
6837.5,-4296.3
6856.5,-4296.6
6875.2,-4297.8
6894.3,-4299.2
6913.0,-4301.7
6931.9,-4304.9
6950.8,-4308.7
6969.9,-4313.1
6989.0,-4318.2
7007.8,-4324.1
7026.3,-4331.0
7044.3,-4338.8
7062.4,-4346.8
7080.0,-4356.0
7097.3,-4365.7
7114.5,-4376.2
7131.4,-4387.5
7148.0,-4399.5
7163.8,-4412.4
7179.8,-4425.4
7195.4,-4438.8
7211.1,-4452.3
7227.2,-4464.7
7244.0,-4476.5
7261.2,-4487.1
7278.6,-4496.9
7296.6,-4505.0
7314.9,-4511.5
7332.8,-4517.1
7351.0,-4520.7
7369.1,-4523.0
7386.4,-4524.2
7403.7,-4524.0
7419.5,-4523.3
7434.7,-4521.4
7448.9,-4518.5
7462.0,-4515.2
7473.5,-4511.8
7484.3,-4507.8
7494.1,-4503.7
7502.6,-4499.9
7509.8,-4496.6
7515.2,-4494.5
7518.4,-4493.5
7520.4,-4493.0
7521.3,-4492.7
7522.5,-4492.7
7525.3,-4492.8
7529.2,-4494.2
7534.6,-4496.1
7540.9,-4498.4
7548.3,-4500.4
7556.9,-4501.2
7565.7,-4500.6
7574.8,-4497.6
7583.3,-4492.8
7590.6,-4485.5
7595.8,-4476.9
7598.6,-4466.6
7599.1,-4455.5
7598.7,-4444.0
7599.0,-4432.0
7601.0,-4420.5
7605.6,-4409.0
7612.1,-4397.4
7619.6,-4385.9
7627.7,-4374.2
7635.6,-4362.2
7644.4,-4349.7
7652.9,-4336.9
7662.1,-4323.5
7671.2,-4310.2
7679.8,-4297.2
7688.9,-4283.8
7698.1,-4270.4
7707.0,-4257.1
7716.4,-4243.4
7725.7,-4229.7
7735.1,-4216.0
7744.5,-4202.3
7753.8,-4188.5
7763.5,-4174.6
7773.1,-4160.5
7782.7,-4146.6
7792.3,-4132.3
7802.1,-4118.3
7811.7,-4104.3
7821.4,-4090.3
7830.6,-4076.8
7840.1,-4062.9
7850.0,-4049.1
7860.5,-4035.3
7871.2,-4022.3
7883.0,-4009.3
7895.1,-3997.4
7907.7,-3986.0
7921.0,-3975.0
7934.6,-3964.7
7948.5,-3955.2
7963.1,-3946.2
7978.4,-3937.8
7994.0,-3930.4
8010.2,-3923.5
8026.9,-3917.1
8044.1,-3911.6
8061.4,-3906.8
8079.1,-3901.8
8096.3,-3897.1
8113.6,-3892.5
8130.9,-3887.6
8148.3,-3882.7
8165.4,-3878.0
8182.8,-3873.3
8199.9,-3869.1
8217.5,-3865.1
8235.4,-3861.6
8253.5,-3859.4
8271.9,-3857.9
8290.5,-3857.8
8308.7,-3859.3
8326.7,-3861.5
8344.1,-3865.1
8360.7,-3869.7
8376.6,-3875.4
8391.8,-3881.9
8405.3,-3889.6
8418.3,-3897.6
8430.6,-3905.9
8441.7,-3914.8
8452.6,-3923.5
8462.4,-3932.5
8471.9,-3941.1
8480.9,-3949.3
8489.4,-3957.8
8497.6,-3965.8
8505.5,-3973.3
8512.4,-3980.5
8519.1,-3986.5
8525.2,-3992.0
8530.8,-3997.2
8536.3,-4001.3
8541.3,-4005.9
8546.1,-4009.9
8550.7,-4013.4
8555.0,-4016.9
8558.8,-4020.3
8562.8,-4023.4
8566.8,-4026.1
8570.5,-4028.8
8574.3,-4031.1
8578.1,-4033.3
8581.5,-4035.2
8584.3,-4037.5
8587.4,-4039.5
8590.4,-4041.4
8593.1,-4043.5
8595.7,-4045.3
8598.4,-4046.7
8600.8,-4047.7
8602.6,-4048.8
8604.0,-4049.4
8604.7,-4050.1
8606.0,-4050.6
8607.4,-4050.9
8608.5,-4051.2
8609.0,-4051.7
8609.8,-4051.6
8610.6,-4051.9
8611.8,-4052.5
8613.5,-4052.8
8614.7,-4053.3
8615.4,-4053.7
8615.7,-4054.0
8615.8,-4054.1
8616.2,-4054.4
8616.8,-4055.0
8617.8,-4055.1
8618.8,-4055.3
8619.7,-4056.1
8621.0,-4056.8
8622.6,-4057.7
8624.3,-4058.1
8626.2,-4058.6
8628.0,-4059.1
8629.4,-4059.7
8630.8,-4060.2
8632.2,-4060.7
8633.4,-4061.0
8634.7,-4061.2
8635.2,-4061.6
8635.7,-4061.6
8636.0,-4061.9
8636.9,-4062.0
8637.9,-4062.0
8638.6,-4062.4
8639.1,-4062.3
8639.2,-4062.4
8639.4,-4062.0
8639.4,-4062.0
8639.4,-4061.9
8639.3,-4061.8
8639.5,-4061.6
8639.6,-4061.6
8640.5,-4061.8
8642.3,-4062.4
8644.5,-4063.4
8647.1,-4064.6
8650.3,-4065.8
8654.0,-4066.7
8657.9,-4068.0
8661.9,-4069.3
8666.0,-4070.6
8670.0,-4071.7
8674.1,-4072.8
8678.4,-4073.8
8682.2,-4075.2
8686.2,-4076.3
8690.0,-4077.8
8693.9,-4078.8
8697.7,-4079.9
8701.3,-4081.0
8705.0,-4082.0
8708.7,-4083.0
8712.1,-4083.8
8715.0,-4084.7
8717.9,-4085.5
8720.4,-4086.7
8722.6,-4087.8
8724.9,-4087.9
8726.5,-4088.8
8728.1,-4089.1
8729.8,-4089.8
8731.9,-4090.2
8733.4,-4091.1
8735.2,-4091.7
8737.4,-4092.2
8739.4,-4093.1
8741.5,-4093.9
8743.5,-4094.8
8746.0,-4095.1
8747.8,-4096.2
8750.5,-4096.6
8752.7,-4097.8
8755.6,-4098.6
8758.0,-4099.6
8760.0,-4100.3
8761.7,-4100.7
8763.0,-4101.3
8764.7,-4102.0
8767.0,-4102.5
8768.8,-4103.2
8770.6,-4103.6
8772.3,-4104.1
8774.5,-4104.8
8777.0,-4105.6
8779.4,-4106.3
8781.4,-4107.1
8783.8,-4107.6
8786.7,-4108.3
8789.3,-4109.3
8792.0,-4110.1
8794.5,-4111.0
8796.9,-4111.7
8799.2,-4112.3
8800.9,-4112.8
8802.4,-4113.7
8804.6,-4114.2
8807.2,-4115.0
8809.5,-4116.0
8812.4,-4116.6
8814.5,-4117.6
8816.8,-4118.6
8819.2,-4119.1
8821.7,-4119.6
8824.4,-4120.1
8826.6,-4121.1
8829.1,-4121.7
8831.8,-4122.2
8834.2,-4122.9
8837.1,-4123.2
8839.8,-4123.9
8842.7,-4124.2
8845.6,-4124.5
8848.5,-4124.9
8851.3,-4125.1
8854.5,-4125.2
8857.8,-4125.2
8860.9,-4125.2
8864.0,-4125.1
8866.8,-4124.9
8869.5,-4124.8
8872.0,-4125.0
8874.8,-4124.6
8877.6,-4124.5
8880.4,-4124.1
8883.3,-4123.7
8886.4,-4123.1
8888.9,-4122.8
8891.6,-4122.6
8894.8,-4122.1
8897.3,-4122.1
8900.0,-4121.7
8902.3,-4121.5
8904.6,-4121.2
8907.4,-4120.8
8909.7,-4120.6
8911.9,-4120.4
8914.0,-4119.9
8915.8,-4120.0
8918.0,-4119.6
8920.1,-4119.5
8922.5,-4119.1
8924.8,-4118.9
8927.1,-4118.6
8929.2,-4118.7
8931.4,-4118.5
8933.3,-4118.5
8935.3,-4118.6
8937.2,-4118.5
8939.1,-4118.6
8940.8,-4118.7
8942.6,-4118.8
8944.2,-4118.8
8946.0,-4118.8
8947.2,-4119.1
8948.0,-4119.2
8948.7,-4119.3
8949.4,-4119.3
8950.6,-4119.2
8951.5,-4119.4
8952.7,-4119.5
8954.1,-4119.6
8956.0,-4119.6
8957.9,-4119.6
8959.6,-4120.1
8961.5,-4120.6
8963.4,-4121.1
8965.6,-4121.6
8968.7,-4121.9
8971.2,-4123.0
8974.0,-4123.8
8976.8,-4124.7
8980.0,-4125.6
8983.0,-4126.8
8986.1,-4128.2
8990.0,-4129.2
8993.9,-4130.8
8998.4,-4132.2
9002.5,-4133.7
9006.6,-4135.1
9010.5,-4136.3
9013.8,-4137.6
9016.9,-4138.6
9019.9,-4139.7
9022.9,-4140.5
9025.5,-4141.3
9027.3,-4142.4
9028.8,-4142.9
9030.1,-4143.2
9030.7,-4143.1
9030.5,-4143.6
9030.6,-4143.7
9030.2,-4144.1
9030.3,-4144.2
9030.4,-4144.3
9030.8,-4144.7
9031.3,-4145.1
9032.1,-4145.9
9034.0,-4146.1
9036.0,-4146.9
9038.5,-4148.1
9041.8,-4149.3
9045.6,-4150.6
9049.3,-4152.0
9053.2,-4153.3
9057.2,-4154.6
9060.5,-4155.8
9063.4,-4156.7
9065.5,-4157.6
9067.4,-4158.3
9069.8,-4159.1
9072.2,-4160.2
9075.0,-4161.0
9077.7,-4161.7
9080.0,-4162.8
9082.6,-4163.1
9084.6,-4164.0
9086.7,-4164.8
9089.3,-4165.4
9091.2,-4166.4
9093.2,-4167.2
9095.7,-4167.7
9098.3,-4169.0
9101.4,-4170.7
9105.3,-4172.4
9109.1,-4174.8
9113.2,-4177.4
9117.9,-4180.5
9123.1,-4184.1
9129.0,-4187.7
9135.4,-4190.0
9141.8,-4190.7
9148.1,-4188.3
9152.4,-4184.2
9155.7,-4178.5
9157.5,-4170.7
9158.1,-4162.6
9158.3,-4155.8
9158.7,-4150.4
9158.9,-4146.6
9159.6,-4143.1
9159.9,-4140.9
9160.4,-4138.3
9161.1,-4135.2
9162.0,-4132.2
9163.0,-4128.9
9164.0,-4125.7
9164.9,-4123.1
9165.5,-4120.8
9166.1,-4119.0
9166.7,-4117.3
9167.3,-4115.6
9168.1,-4114.0
9168.4,-4113.1
9168.4,-4113.1
9168.4,-4113.1
9168.5,-4113.2
9168.5,-4113.2
9168.2,-4113.7
9168.2,-4113.7
9168.2,-4113.8
9168.2,-4113.8
9168.3,-4113.9
9168.4,-4113.9
9168.4,-4113.9
9168.5,-4114.0
9168.5,-4114.0
9168.5,-4114.0
9168.6,-4114.1
9168.6,-4114.1
9168.8,-4113.5
9169.6,-4111.3
9170.7,-4107.6
9172.1,-4103.2
9173.8,-4098.3
9175.9,-4092.7
9177.7,-4086.7
9179.9,-4080.4
9181.9,-4073.9
9184.2,-4067.2
9186.7,-4060.2
9189.0,-4053.1
9191.8,-4045.2
9194.4,-4037.6
9197.3,-4029.3
9199.8,-4021.6
9202.6,-4013.7
9205.5,-4006.0
9208.4,-3998.8
9211.7,-3991.9
9215.0,-3985.6
9218.6,-3980.2
9222.9,-3975.4
9227.8,-3972.0
9234.1,-3970.6
9241.2,-3971.2
9249.1,-3972.6
9257.9,-3974.9
9267.5,-3977.2
9277.3,-3979.7
9287.2,-3982.4
9297.7,-3985.0
9308.2,-3987.3
9318.1,-3990.1
9327.9,-3992.7
9337.4,-3995.0
9346.8,-3997.1
9355.5,-3999.3
9363.6,-4001.3
9371.5,-4003.4
9379.5,-4005.4
9387.4,-4007.8
9396.2,-4009.7
9404.8,-4012.2
9413.0,-4015.0
9420.5,-4018.1
9428.0,-4020.3
9434.6,-4023.2
9440.8,-4026.0
9447.5,-4028.5
9454.4,-4031.2
9461.5,-4034.3
9468.6,-4037.6
9476.6,-4040.3
9484.6,-4043.8
9493.1,-4046.8
9501.7,-4050.0
9510.1,-4053.7
9518.7,-4056.8
9526.2,-4059.6
9531.8,-4062.4
9536.9,-4064.1
9541.1,-4066.2
9545.6,-4068.1
9550.7,-4070.3
9556.5,-4072.7
9563.1,-4075.0
9569.5,-4078.2
9576.5,-4081.1
9584.0,-4083.8
9591.1,-4086.8
9598.1,-4089.8
9604.8,-4092.4
9611.2,-4095.3
9618.0,-4098.0
9624.7,-4101.2
9631.6,-4104.6
9638.9,-4107.5
9654.5,-4114.1
9661.9,-4118.2
9670.1,-4121.7
9678.6,-4124.8
9686.7,-4128.3
9695.0,-4131.3
9703.1,-4134.1
9710.4,-4136.8
9717.4,-4139.5
9724.1,-4142.5
9730.8,-4145.0
9737.5,-4147.7
9744.4,-4149.9
9751.4,-4152.2
9758.4,-4155.1
9766.0,-4157.9
9774.0,-4160.7
9782.0,-4163.8
9790.5,-4167.0
9799.3,-4170.0
9808.3,-4173.3
9817.5,-4176.5
9826.5,-4179.9
9835.4,-4183.1
9844.0,-4186.0
9852.4,-4189.0
9860.6,-4191.9
9868.4,-4194.9
9876.4,-4197.5
9883.7,-4200.2
9890.9,-4202.7
9897.9,-4205.0
9904.4,-4207.5
9911.0,-4209.4
9916.7,-4211.5
9921.9,-4213.3
9926.7,-4215.6
9931.7,-4217.2
9936.2,-4219.1
9940.6,-4220.8
9944.7,-4222.8
9949.0,-4225.0
9953.6,-4227.9
9957.4,-4232.0
9961.4,-4236.2
9965.8,-4239.1
9970.8,-4240.2
9976.8,-4239.8
9983.0,-4239.7
9990.1,-4240.5
9997.5,-4242.7
10005.7,-4245.6
10014.5,-4249.0
10023.4,-4253.3
10033.5,-4257.8
10043.7,-4262.5
10054.0,-4267.8
10064.3,-4273.1
10074.3,-4278.1
10084.0,-4282.3
10092.3,-4286.4
10100.1,-4290.0
10107.0,-4293.6
10114.0,-4297.1
10121.0,-4300.4
10127.9,-4303.7
10134.7,-4306.5
10141.8,-4308.4
10148.9,-4310.1
10155.9,-4311.8
10163.0,-4312.7
10169.6,-4313.5
10175.6,-4314.2
10181.6,-4314.7
10187.7,-4314.9
10193.6,-4314.5
10199.6,-4312.7
10205.1,-4310.1
10209.9,-4306.1
10213.5,-4301.8
10216.0,-4297.3
10217.1,-4293.8
10218.0,-4290.9
10218.0,-4289.2
10218.0,-4288.0
10218.6,-4287.7
10219.3,-4287.4
10219.7,-4287.0
10220.0,-4286.9
10220.3,-4286.6
10220.9,-4285.9
10221.1,-4286.2
10221.7,-4286.2
10222.0,-4286.4
10222.2,-4286.6
10222.6,-4286.6
10222.7,-4286.8
10222.8,-4286.8
10222.9,-4286.9
10223.1,-4287.1
10223.1,-4287.1
10223.0,-4287.4
10223.0,-4287.4
10223.1,-4287.5
10223.1,-4287.5
10223.2,-4287.6
10223.3,-4287.7
10223.3,-4287.7
10223.4,-4287.8
10223.5,-4287.9
10223.6,-4287.9
10223.7,-4288.0
10223.7,-4288.0
10223.8,-4288.1
10223.8,-4288.1
10223.8,-4288.1
10223.8,-4288.2
10223.8,-4288.2
10223.9,-4288.2
10223.9,-4288.2
10223.9,-4288.2
10224.0,-4288.3
10223.7,-4288.6
10223.7,-4288.6
10223.8,-4288.7
10223.8,-4288.7
10223.9,-4288.8
10223.9,-4288.8
10223.6,-4289.1
10223.7,-4289.2
10223.7,-4289.3
10223.7,-4289.3
10223.1,-4289.3
10222.9,-4289.1
10223.0,-4288.6
10222.8,-4287.8
10222.0,-4286.2
10221.4,-4283.6
10221.2,-4280.5
10220.6,-4276.6
10221.0,-4271.0
10220.9,-4265.4
10221.0,-4258.9
10219.9,-4252.7
10218.3,-4245.6
10216.0,-4238.7
10213.7,-4231.5
10211.3,-4224.0
10208.8,-4216.0
10206.0,-4207.8
10203.3,-4199.3
10200.6,-4189.8
10197.9,-4181.0
10195.5,-4171.8
10192.7,-4162.9
10190.3,-4154.3
10188.2,-4146.6
10186.2,-4140.7
10185.0,-4136.1
10184.4,-4133.3
10183.7,-4132.0
10183.6,-4131.3
10183.5,-4131.3
10183.5,-4131.3
10183.5,-4131.3
10183.4,-4131.2
10183.4,-4131.2
10185.2,-4130.9
10185.8,-4130.5
10186.9,-4129.5
10187.5,-4129.2
10188.2,-4129.2
10188.8,-4129.2
10189.4,-4129.2
10190.3,-4128.9
10190.7,-4128.5
10191.0,-4127.2
10190.0,-4125.7
10189.6,-4122.9
10188.6,-4119.7
10187.4,-4116.3
10186.4,-4112.0
10184.6,-4106.9
10182.6,-4101.1
10180.5,-4094.5
10178.6,-4087.5
10176.2,-4080.3
10173.5,-4073.1
10171.4,-4065.9
10169.8,-4059.7
10168.8,-4054.8
10169.2,-4050.5
10172.1,-4047.7
10174.6,-4046.2
10180.3,-4043.9
10186.7,-4040.5
10192.6,-4036.5
10198.3,-4031.3
10204.4,-4028.1
10210.7,-4025.2
10217.6,-4020.4
10225.0,-4016.1
10230.7,-4015.6
10239.5,-4011.9
10248.7,-4008.0
10258.5,-4003.1
10268.2,-3998.4
10278.0,-3994.1
10287.9,-3989.7
10297.9,-3985.8
10307.3,-3979.5
10316.7,-3973.9
10325.7,-3969.0
10334.4,-3964.2
10342.9,-3959.6
10351.0,-3955.4
10358.6,-3951.9
10365.9,-3948.0
10372.4,-3944.7
10377.2,-3942.3
10380.6,-3939.3
10381.7,-3936.4
10380.6,-3933.3
10377.5,-3930.8
10373.1,-3927.8
10366.3,-3925.2
10358.7,-3922.4
10351.0,-3918.8
10342.4,-3915.6
10333.8,-3911.9
10324.8,-3908.2
10315.6,-3904.4
10306.8,-3900.1
10298.2,-3895.7
10289.6,-3891.4
10281.8,-3887.2
10274.5,-3882.8
10267.9,-3878.5
10262.4,-3872.8
10257.7,-3866.3
10254.2,-3859.1
10251.1,-3851.6
10248.1,-3844.4
10245.2,-3837.5
10242.9,-3830.5
10240.2,-3824.4
10237.5,-3818.1
10235.4,-3811.6
10233.2,-3805.8
10231.4,-3800.3
10229.5,-3795.6
10228.0,-3791.1
10227.0,-3786.8
10226.0,-3783.2
10224.8,-3780.1
10223.8,-3777.6
10223.5,-3775.5
10222.9,-3774.4
10222.7,-3773.0
10222.1,-3772.1
10221.9,-3771.1
10221.5,-3770.8
10221.8,-3770.4
10221.8,-3770.4
10221.5,-3770.8
10221.5,-3770.8
10221.5,-3770.8
10221.6,-3770.9
10221.6,-3770.9
10221.7,-3771.0
10221.7,-3771.0
10221.8,-3771.1
10221.8,-3771.1
10221.4,-3771.5
10221.5,-3771.6
10221.5,-3771.6
10221.5,-3771.6
10221.5,-3771.6
10221.6,-3771.7
10221.6,-3771.7
10221.6,-3771.7
10221.6,-3771.7
10221.6,-3771.7
10221.6,-3771.7
10221.6,-3771.7
10222.1,-3771.3
10222.1,-3771.3
10222.1,-3771.3
10222.0,-3771.2
10222.0,-3771.2
10222.1,-3771.3
10222.1,-3771.3
10222.1,-3771.3
10222.1,-3771.3
10222.1,-3771.3
10222.1,-3771.3
10222.1,-3771.3
10222.1,-3771.3
10222.1,-3771.3
10222.1,-3771.3
10222.1,-3771.3
10221.6,-3771.7
10221.6,-3771.7
10221.6,-3771.7
10221.6,-3771.7
10221.6,-3771.7
10221.6,-3771.7
10221.9,-3771.1
10221.6,-3770.9
10221.8,-3770.4
10221.8,-3770.4
10221.8,-3770.4
10221.8,-3770.4
10221.8,-3770.4
10221.8,-3770.4
10221.8,-3770.4
10221.8,-3770.4
10221.8,-3770.4
10221.5,-3770.8
10221.5,-3770.8
10221.5,-3770.8
10221.5,-3770.8
10221.5,-3770.8
10221.5,-3770.8
10221.5,-3770.8
10221.5,-3770.8
10221.5,-3770.8
10221.5,-3770.8
10221.5,-3770.8
10221.5,-3770.8
10221.7,-3770.3
10221.1,-3769.3
10220.7,-3767.2
10220.1,-3765.0
10219.6,-3763.3
10219.2,-3762.3
10219.1,-3761.9
10219.1,-3761.9
10219.2,-3762.0
10219.3,-3762.1
10219.7,-3761.6
10219.6,-3761.6
10219.4,-3761.4
10219.3,-3761.3
10219.3,-3761.3
10219.4,-3760.7
10219.4,-3760.2
10219.0,-3759.9
10219.0,-3759.3
10218.9,-3758.7
10218.7,-3758.6
10218.7,-3758.5
10218.7,-3757.9
10218.2,-3756.6
10218.1,-3754.4
10217.5,-3752.8
10217.2,-3750.7
10216.8,-3749.2
10216.6,-3747.9
10216.5,-3747.4
10216.6,-3747.5
10216.7,-3747.6
10216.7,-3747.6
10216.8,-3747.7
10216.8,-3747.7
10217.0,-3747.8
10217.0,-3747.9
10217.0,-3747.9
10217.1,-3748.0
10217.2,-3748.1
10217.6,-3747.6
10217.6,-3747.6
10217.4,-3747.5
10217.4,-3747.5
10217.4,-3747.5
10217.5,-3747.6
10217.5,-3747.6
10217.6,-3747.6
10217.6,-3747.6
10217.6,-3747.6
10217.7,-3747.7
10217.7,-3747.7
10217.7,-3747.7
10217.7,-3747.8
10218.1,-3747.4
10218.1,-3747.4
10218.2,-3747.5
10218.2,-3747.5
10218.2,-3747.5
10217.7,-3747.7
10217.5,-3747.6
10217.2,-3747.3
10216.9,-3747.0
10216.7,-3746.8
10216.9,-3746.2
10216.8,-3746.2
10216.4,-3746.6
10216.4,-3746.6
10216.4,-3746.6
10216.4,-3746.6
10216.3,-3746.5
10216.3,-3746.5
10216.3,-3746.5
10216.3,-3746.5
10216.3,-3746.5
10216.3,-3746.5
10216.3,-3746.5
10216.3,-3746.5
10216.3,-3746.5
10216.3,-3746.5
10216.3,-3746.5
10216.3,-3746.4
10216.3,-3746.4
10216.3,-3746.4
10216.3,-3746.4
10216.3,-3746.4
10216.3,-3746.4
10216.3,-3746.4
10216.3,-3746.4
10216.3,-3746.4
10216.3,-3746.4
10216.3,-3746.4
10216.3,-3746.4
10216.3,-3746.4
10216.3,-3746.4
10216.3,-3746.4
10216.3,-3746.4
10216.3,-3746.4
10216.3,-3746.4
10216.3,-3746.4
10216.3,-3746.4
10216.3,-3746.4
10216.3,-3746.4
10216.3,-3746.4
10216.3,-3746.4
10216.2,-3746.3
10216.4,-3745.8
10216.2,-3745.2
10215.9,-3744.4
10215.4,-3743.4
10215.4,-3741.6
10214.7,-3741.0
10214.7,-3740.4
10214.7,-3740.4
10214.7,-3740.4
10214.7,-3740.4
10214.7,-3740.4
10214.6,-3740.3
10214.3,-3740.1
10214.3,-3738.9
10213.8,-3737.4
10213.3,-3736.3
10213.4,-3735.6
10213.3,-3735.5
10213.3,-3735.5
10213.2,-3735.4
10213.2,-3735.0
10213.1,-3734.9
10212.8,-3734.7
10212.6,-3734.4
10212.3,-3733.6
10211.9,-3732.0
10211.6,-3731.2
10211.4,-3731.0
10211.4,-3731.0
10211.4,-3731.0
10211.3,-3730.9
10211.3,-3730.5
10211.2,-3730.5
10211.1,-3730.4
10211.1,-3730.3
10211.0,-3730.2
10210.9,-3730.2
10210.9,-3730.2
10210.9,-3730.2
10210.9,-3730.2
10210.9,-3730.2
10211.0,-3730.2
10211.3,-3729.7
10211.0,-3729.5
10211.3,-3729.0
10211.3,-3729.0
10211.4,-3729.1
10211.4,-3729.1
10211.5,-3729.2
10211.5,-3729.2
10211.5,-3729.2
10211.5,-3729.2
10211.5,-3729.2
10211.5,-3729.2
10211.5,-3729.2
10211.5,-3729.2
10211.5,-3729.2
10211.4,-3729.1
10211.3,-3729.0
10211.3,-3729.0
10211.3,-3729.0
10211.3,-3729.0
10211.3,-3729.0
10211.3,-3729.0
10211.3,-3729.0
10211.4,-3729.1
10211.4,-3729.1
10211.6,-3728.9
10211.6,-3728.9
10211.6,-3728.9
10211.6,-3728.9
10211.6,-3728.9
10211.6,-3728.9
10211.6,-3728.9
10211.7,-3729.0
10211.7,-3729.0
10211.7,-3729.0
10211.7,-3729.0
10211.7,-3729.0
10211.7,-3729.0
10211.7,-3729.0
10211.7,-3729.0
10211.7,-3729.0
10211.7,-3729.0
10211.7,-3729.0
10211.7,-3729.0
10211.7,-3729.0
10211.7,-3729.0
10211.7,-3729.0
10211.8,-3729.1
10211.8,-3729.1
10211.8,-3729.1
10211.8,-3729.1
10211.9,-3729.2
10211.9,-3729.2
10211.9,-3729.2
10212.0,-3729.2
10212.3,-3728.9
10212.2,-3728.8
10212.0,-3728.7
10211.8,-3728.5
10211.8,-3727.3
10211.3,-3725.7
10211.0,-3723.7
10210.8,-3721.8
10211.0,-3720.3
10211.7,-3718.8
10214.2,-3716.6
10216.9,-3715.3
10221.2,-3713.3
10226.0,-3711.4
10232.2,-3708.6
10238.3,-3706.4
10245.7,-3703.9
10253.6,-3701.2
10261.6,-3698.0
10269.7,-3694.9
10278.4,-3691.4
10286.9,-3688.0
10295.7,-3684.4
10304.5,-3681.4
10313.0,-3678.0
10321.6,-3674.5
10330.3,-3670.5
10338.6,-3667.2
10346.8,-3664.0
10354.8,-3660.9
10362.7,-3658.2
10370.2,-3655.8
10376.8,-3653.2
10383.1,-3650.8
10388.7,-3648.9
10393.0,-3647.6
10395.4,-3647.0
10396.2,-3647.1
10397.1,-3646.8
10397.8,-3646.3
10399.2,-3645.8
10400.3,-3645.1
10402.3,-3643.1
10403.8,-3640.7
10404.5,-3637.5
10404.5,-3632.7
10403.6,-3627.6
10401.7,-3622.8
10400.1,-3617.0
10398.2,-3611.4
10396.2,-3606.1
10394.5,-3601.6
10393.1,-3598.0
10391.8,-3595.6
10390.3,-3594.2
10388.3,-3593.9
10384.6,-3595.2
10380.6,-3597.0
10375.7,-3599.5
10370.5,-3602.0
10364.6,-3605.0
10358.4,-3608.0
10352.2,-3611.1
10346.3,-3614.4
10341.1,-3617.2
10336.6,-3619.7
10332.8,-3621.8
10329.5,-3623.4
10326.8,-3625.1
10325.2,-3626.1
10324.6,-3626.5
10324.6,-3626.5
10324.3,-3626.7
10324.2,-3626.6
10323.1,-3627.5
10321.7,-3628.4
10319.7,-3629.5
10317.7,-3629.7
10315.9,-3629.6
10314.8,-3628.6
10314.1,-3627.3
10313.3,-3625.8
10312.8,-3624.3
10312.2,-3623.2
10311.8,-3622.3
10311.6,-3622.1
10311.5,-3622.0
10311.8,-3621.7
10311.8,-3621.7
10311.8,-3621.7
10311.8,-3621.7
10311.8,-3621.7
10311.7,-3621.6
10311.6,-3621.5
10311.5,-3621.5
10311.5,-3621.4
10311.5,-3621.4
10311.4,-3621.3
10311.4,-3621.3
10311.4,-3621.3
10311.3,-3621.2
10311.3,-3621.2
10311.3,-3621.2
10311.3,-3621.2
10311.3,-3621.2
10311.5,-3621.4
10311.6,-3621.2
10311.8,-3621.4
10311.8,-3621.4
10311.5,-3621.1
10311.5,-3621.1
10311.5,-3621.1
10311.6,-3621.2
10311.8,-3621.4
10312.2,-3620.9
10312.2,-3620.9
10312.3,-3621.0
10312.4,-3621.1
10312.5,-3621.2
10312.6,-3621.3
10312.6,-3621.3
10312.8,-3621.5
10313.0,-3621.5
10313.4,-3621.2
10314.0,-3621.8
10314.2,-3621.9
10314.7,-3622.4
10315.4,-3622.6
10315.8,-3623.0
10316.3,-3623.4
10316.6,-3623.7
10317.3,-3623.8
10317.7,-3624.1
10318.0,-3624.4
10318.2,-3624.6
10318.6,-3624.9
10318.9,-3625.3
10319.1,-3625.5
10319.4,-3625.8
10319.5,-3625.9
10319.7,-3626.0
10320.2,-3626.0
10320.3,-3626.1
10320.5,-3626.3
