x,y
0.0,0.0
5.2,-2.5
9.6,-5.9
14.4,-8.2
18.8,-10.3
23.3,-12.4
27.9,-14.7
32.8,-17.1
37.8,-19.4
42.8,-21.8
47.9,-25.5
53.9,-28.4
60.5,-31.5
67.2,-34.8
73.3,-39.0
80.2,-42.3
87.1,-45.6
93.7,-48.7
99.4,-52.7
105.4,-55.7
111.2,-58.4
117.1,-61.2
123.0,-64.2
128.8,-66.9
134.0,-70.5
139.9,-73.4
146.5,-76.6
154.4,-79.1
162.4,-83.0
170.9,-87.1
180.0,-91.5
189.0,-97.0
198.5,-102.8
208.4,-108.9
219.6,-114.3
231.3,-121.1
244.2,-128.5
258.3,-135.4
272.5,-143.4
287.3,-151.8
302.8,-159.2
317.7,-167.7
332.6,-174.8
346.2,-182.7
359.5,-190.2
372.6,-196.5
384.6,-203.5
396.5,-209.2
407.7,-214.7
417.8,-220.8
428.3,-225.8
438.5,-232.0
449.2,-237.0
459.4,-242.0
469.3,-246.8
478.4,-252.4
488.0,-257.0
497.8,-261.7
506.9,-267.4
515.9,-272.9
524.2,-279.4
531.1,-287.7
538.0,-296.1
544.6,-305.5
551.4,-315.0
557.9,-325.7
564.9,-335.2
572.1,-345.0
578.7,-355.7
585.8,-365.4
592.9,-375.0
599.5,-385.7
606.6,-395.5
613.4,-406.1
620.6,-415.9
628.0,-425.7
635.1,-436.6
642.7,-446.5
650.1,-456.4
657.1,-466.0
663.3,-475.3
669.2,-483.1
674.2,-490.5
678.6,-496.3
681.6,-501.6
683.7,-505.0
685.0,-505.6
685.1,-505.7
684.9,-505.6
684.6,-505.4
684.5,-505.4
684.5,-505.4
685.1,-505.7
686.5,-507.5
689.9,-509.2
695.7,-508.3
702.3,-506.5
710.5,-502.9
720.3,-498.9
731.4,-494.1
743.2,-488.5
756.2,-482.2
768.8,-477.0
781.9,-470.7
794.0,-465.3
805.9,-459.8
817.5,-454.1
828.3,-449.2
838.1,-445.1
847.6,-441.0
855.6,-438.6
863.6,-436.2
870.1,-435.5
874.7,-436.5
878.3,-437.0
880.7,-438.1
883.2,-438.1
885.8,-439.3
890.0,-441.5
895.5,-445.3
902.2,-449.8
910.8,-455.1
921.0,-460.1
932.4,-464.3
945.2,-466.6
959.2,-467.1
974.4,-466.9
989.8,-466.8
1005.7,-466.8
1021.9,-467.1
1038.4,-468.7
1055.1,-471.7
1071.7,-477.2
1088.4,-483.9
1104.8,-491.8
1120.8,-502.0
1136.6,-512.1
1152.7,-522.4
1169.3,-533.0
1185.3,-544.4
1201.7,-554.7
1218.3,-564.0
1234.4,-574.3
1250.2,-584.4
1265.8,-594.5
1281.8,-603.4
1297.0,-613.2
1312.7,-622.0
1328.1,-632.0
1344.5,-639.8
1360.3,-648.7
1376.0,-657.5
1392.2,-665.2
1408.1,-674.1
1424.3,-682.0
1440.6,-689.8
1456.6,-698.8
1473.4,-706.8
1490.0,-716.1
1507.0,-725.5
1524.2,-735.1
1541.5,-744.6
1558.7,-754.1
1575.9,-763.7
1593.1,-773.2
1611.0,-781.8
1628.5,-791.4
1646.5,-800.1
1663.9,-809.8
1682.1,-818.5
1700.1,-827.2
1717.5,-836.8
1735.5,-844.2
1752.9,-852.6
1770.0,-860.8
1787.2,-869.0
1804.4,-877.3
1821.4,-885.6
1839.1,-892.8
1856.4,-901.1
1873.6,-909.4
1891.0,-917.7
1908.5,-926.1
1926.2,-934.6
1944.0,-943.2
1962.3,-950.7
1980.1,-959.3
1997.9,-967.9
2015.7,-976.4
2033.6,-985.0
2051.2,-993.5
2069.3,-1000.9
2087.4,-1008.3
2105.9,-1014.7
2124.0,-1022.2
2142.1,-1029.6
2160.6,-1036.0
2178.8,-1043.5
2197.2,-1049.8
2216.0,-1056.4
2234.6,-1062.8
2253.4,-1069.3
2272.7,-1074.8
2291.5,-1081.3
2310.7,-1086.8
2329.7,-1092.1
2348.5,-1097.3
2367.8,-1101.6
2386.7,-1107.0
2406.1,-1111.2
2424.9,-1116.5
2443.7,-1120.5
2462.5,-1124.5
2481.7,-1128.7
2500.9,-1132.8
2520.6,-1136.0
2539.5,-1140.1
2559.2,-1143.2
2578.3,-1147.4
2597.9,-1150.5
2617.9,-1152.6
2637.5,-1155.7
2657.2,-1158.9
2676.7,-1161.9
2696.7,-1164.0
2716.2,-1167.1
2736.1,-1169.1
2755.5,-1172.1
2775.4,-1174.1
2795.3,-1176.1
2814.7,-1179.1
2834.6,-1181.1
2854.0,-1184.1
2874.0,-1186.2
2893.3,-1189.2
2912.8,-1192.3
2932.6,-1194.3
2951.8,-1197.2
2971.0,-1200.1
2990.7,-1202.0
3009.8,-1204.9
3029.4,-1206.7
3048.5,-1209.7
3068.0,-1211.5
3087.1,-1214.4
3106.2,-1217.2
3125.9,-1219.1
3144.9,-1222.0
3164.6,-1223.9
3183.7,-1226.8
3202.9,-1229.7
3222.7,-1231.7
3242.0,-1234.6
3261.8,-1236.6
3281.1,-1239.6
3300.5,-1242.6
3320.4,-1244.6
3339.9,-1247.7
3360.1,-1249.9
3379.7,-1252.9
3399.8,-1255.1
3419.5,-1258.2
3439.5,-1260.3
3459.3,-1262.2
3478.8,-1265.3
3498.7,-1267.3
3518.2,-1270.4
3538.3,-1272.6
3557.8,-1275.6
3577.7,-1277.7
3597.3,-1280.7
3617.2,-1282.8
3636.7,-1285.8
3657.0,-1288.0
3676.7,-1291.2
3696.9,-1293.3
3717.1,-1295.6
3737.0,-1298.7
3757.4,-1301.0
3777.2,-1304.3
3797.6,-1306.5
3818.0,-1308.8
3837.7,-1311.9
3857.9,-1314.1
3877.6,-1317.2
3897.6,-1319.3
3917.1,-1322.5
3937.2,-1324.5
3956.6,-1327.5
3976.5,-1329.5
3996.0,-1332.6
4015.5,-1335.6
4035.4,-1337.7
4055.1,-1340.9
4075.2,-1342.9
4095.6,-1345.2
4115.3,-1348.4
4135.4,-1350.6
4155.0,-1353.6
4174.7,-1355.6
4194.0,-1358.5
4213.7,-1360.4
4232.6,-1363.2
4251.2,-1365.9
4270.0,-1368.7
4289.0,-1370.3
4307.7,-1373.0
4326.4,-1375.7
4345.2,-1378.4
4364.5,-1380.1
4383.3,-1382.9
4402.4,-1385.7
4421.9,-1387.6
4440.8,-1390.3
4459.6,-1393.1
4478.8,-1394.8
4497.6,-1397.5
4516.3,-1400.2
4535.5,-1401.9
4554.2,-1404.6
4572.9,-1407.3
4591.7,-1410.0
4611.1,-1411.9
4630.0,-1414.6
4649.1,-1417.5
4668.7,-1419.4
4687.8,-1422.3
4707.7,-1424.2
4727.0,-1427.3
4746.8,-1429.3
4766.3,-1432.3
4786.0,-1434.3
4805.1,-1437.2
4824.7,-1439.1
4843.6,-1441.8
4862.3,-1444.5
4881.4,-1446.2
4900.0,-1448.9
4918.6,-1451.4
4937.1,-1454.1
4955.5,-1456.6
4973.9,-1459.2
4992.8,-1460.7
5010.5,-1464.3
5029.3,-1465.7
5047.7,-1468.3
5066.2,-1469.6
5083.9,-1473.2
5102.1,-1475.6
5120.3,-1478.1
5139.2,-1479.6
5157.7,-1482.2
5176.1,-1484.7
5194.4,-1487.4
5212.8,-1489.9
5231.2,-1492.4
5250.0,-1493.9
5268.3,-1496.4
5286.5,-1498.9
5304.5,-1501.3
5322.8,-1503.7
5340.9,-1506.2
5359.1,-1508.6
5377.1,-1511.1
5395.4,-1513.5
5413.8,-1516.1
5432.3,-1518.7
5451.1,-1521.4
5470.3,-1523.1
5489.1,-1525.9
5507.8,-1528.5
5526.9,-1530.3
5545.5,-1532.9
5564.1,-1535.5
5582.6,-1538.1
5601.7,-1539.8
5620.2,-1542.4
5638.9,-1545.1
5657.4,-1547.7
5676.1,-1550.5
5695.3,-1552.1
5713.9,-1554.8
5732.8,-1557.5
5771.4,-1562.1
5790.2,-1564.9
5809.6,-1566.6
5828.2,-1569.4
5846.9,-1572.0
5866.0,-1573.7
5884.7,-1576.4
5903.3,-1579.1
5922.0,-1581.7
5941.3,-1583.6
5960.2,-1586.3
5979.3,-1589.2
5998.8,-1591.0
6018.1,-1594.0
6037.8,-1595.9
6057.1,-1598.9
6077.1,-1600.9
6096.8,-1602.9
6115.9,-1605.8
6135.2,-1608.8
6154.7,-1610.6
6174.0,-1613.6
6193.6,-1615.4
6212.9,-1618.5
6232.7,-1620.5
6252.2,-1623.5
6271.5,-1626.5
6291.4,-1628.5
6310.9,-1631.6
6330.5,-1633.5
6349.8,-1636.5
6368.8,-1639.4
6388.4,-1641.3
6407.4,-1644.2
6427.0,-1645.9
6445.9,-1648.8
6465.3,-1650.6
6484.2,-1653.4
6503.1,-1656.2
6522.6,-1658.0
6541.4,-1660.8
6560.3,-1663.6
6579.2,-1666.3
6598.6,-1668.2
6617.4,-1670.9
6636.4,-1673.8
6656.0,-1675.6
6675.0,-1678.5
6694.3,-1680.2
6713.3,-1683.1
6732.2,-1685.9
6751.7,-1687.8
6770.6,-1690.6
6789.6,-1693.4
6809.2,-1695.3
6828.3,-1698.1
6847.5,-1701.1
6867.2,-1703.1
6886.5,-1706.1
6905.9,-1709.1
6925.6,-1711.0
6944.9,-1714.0
6964.6,-1715.9
6983.6,-1718.8
7003.0,-1720.6
7021.9,-1723.4
7041.1,-1725.1
7059.3,-1728.9
7078.5,-1730.5
7097.0,-1733.2
7115.7,-1735.8
7134.2,-1738.5
7153.2,-1740.1
7171.8,-1742.7
7190.3,-1745.3
7208.7,-1747.9
7227.2,-1750.5
7245.5,-1753.1
7264.4,-1754.6
7282.7,-1757.2
7301.2,-1759.7
7319.6,-1762.3
7338.4,-1763.8
7356.9,-1766.4
7375.2,-1769.0
7393.6,-1771.5
7412.0,-1774.1
7430.9,-1775.7
7449.4,-1778.2
7467.8,-1780.8
7486.2,-1783.3
7504.6,-1786.0
7523.1,-1788.6
7541.6,-1791.2
7560.1,-1793.8
7578.7,-1796.5
7597.0,-1800.3
7615.6,-1802.9
7633.7,-1806.6
7651.9,-1810.4
7670.2,-1814.2
7688.5,-1817.9
7706.7,-1821.6
7725.2,-1825.6
7743.9,-1829.5
7762.0,-1834.5
7780.8,-1838.5
7799.1,-1843.6
7817.7,-1848.7
7836.3,-1853.9
7854.9,-1859.1
7873.1,-1865.3
7891.9,-1870.7
7910.1,-1876.9
7928.8,-1882.1
7947.1,-1888.4
7965.3,-1894.7
7983.0,-1901.9
8001.3,-1908.3
8019.0,-1915.6
8037.2,-1921.9
8055.0,-1929.1
8072.9,-1936.5
8091.0,-1944.0
8109.0,-1951.4
8127.1,-1957.6
8144.8,-1964.9
8162.4,-1972.1
8180.0,-1979.4
8198.2,-1985.6
8215.4,-1993.9
8233.0,-2001.2
8250.7,-2008.4
8268.4,-2015.7
8286.1,-2023.0
8304.0,-2030.4
8322.2,-2037.9
8340.5,-2045.4
8358.7,-2053.0
8377.2,-2060.6
8395.6,-2068.3
8414.1,-2076.0
8432.5,-2083.5
8450.9,-2091.2
8468.6,-2099.7
8486.6,-2107.2
8504.7,-2114.6
8521.6,-2124.0
8538.3,-2133.4
8554.6,-2143.7
8570.6,-2154.0
8585.8,-2165.1
8601.1,-2176.3
8615.9,-2188.4
8630.6,-2200.5
8646.0,-2211.8
8661.6,-2223.1
8677.4,-2234.6
8693.3,-2246.0
8710.0,-2256.5
8727.1,-2266.0
8743.9,-2275.5
8761.7,-2282.8
8779.3,-2290.0
8796.9,-2296.0
8815.3,-2299.9
8833.4,-2303.5
8851.9,-2306.2
8870.5,-2307.5
8888.7,-2308.9
8907.7,-2307.9
8926.4,-2306.8
8944.8,-2305.6
8963.4,-2303.2
8981.8,-2300.8
9000.2,-2297.0
9018.6,-2292.0
9036.5,-2286.9
9053.9,-2281.4
9071.5,-2273.4
9088.3,-2265.1
9104.6,-2256.7
9120.5,-2246.7
9136.1,-2235.3
9150.9,-2223.5
9164.7,-2210.0
9177.3,-2195.9
9189.2,-2180.1
9200.4,-2162.8
9210.1,-2146.1
9219.0,-2128.9
9227.3,-2110.2
9233.8,-2091.9
9239.3,-2074.3
9244.3,-2057.8
9248.5,-2042.3
9252.8,-2028.0
9257.0,-2015.0
9261.2,-2003.2
9265.7,-1991.6
9269.1,-1983.2
9273.1,-1975.2
9277.2,-1968.4
9281.1,-1964.0
9284.2,-1961.8
9286.4,-1960.4
9287.7,-1959.8
9289.1,-1959.2
9290.9,-1958.8
9294.1,-1957.8
9298.7,-1957.6
9305.1,-1956.9
9312.3,-1956.7
9320.0,-1955.5
9327.3,-1951.5
9332.3,-1943.9
9334.8,-1933.8
9331.5,-1922.3
9325.8,-1910.6
9318.0,-1901.9
9306.9,-1895.2
9296.8,-1886.6
9286.9,-1874.3
9278.9,-1860.3
9271.4,-1845.4
9264.2,-1829.4
9256.4,-1813.0
9248.9,-1795.4
9240.5,-1778.8
9231.6,-1761.9
9223.0,-1743.9
9213.7,-1726.7
9204.5,-1708.4
9195.5,-1690.2
9186.5,-1672.0
9177.5,-1653.7
9168.9,-1635.7
9160.7,-1616.6
9152.8,-1597.5
9145.0,-1578.6
9137.8,-1558.8
9131.1,-1539.1
9125.0,-1519.8
9119.3,-1500.6
9113.3,-1482.5
9108.0,-1463.6
9103.7,-1443.8
9099.1,-1425.2
9094.8,-1406.8
9090.9,-1388.5
9087.2,-1370.3
9083.7,-1352.2
9081.1,-1333.3
9077.9,-1315.3
9075.6,-1296.6
9073.2,-1277.8
9071.1,-1259.2
9069.6,-1239.4
9068.4,-1219.9
9067.4,-1200.5
9066.7,-1181.3
9065.9,-1163.2
9066.5,-1143.3
9066.2,-1125.5
9066.7,-1106.8
9067.8,-1087.2
9068.2,-1069.8
9069.7,-1050.3
9071.1,-1032.1
9073.1,-1012.8
9075.2,-993.6
9077.8,-973.5
9080.9,-953.4
9083.8,-934.6
9087.2,-914.9
9090.8,-896.4
9094.9,-877.0
9099.4,-857.7
9104.2,-838.6
9108.8,-820.6
9114.7,-800.6
9120.6,-782.0
9126.4,-763.4
9132.9,-743.8
9139.9,-724.5
9146.6,-706.3
9153.8,-688.3
9161.0,-670.3
9168.7,-652.6
9177.0,-633.8
9185.2,-616.3
9193.6,-598.9
9202.2,-581.7
9211.3,-564.6
9220.7,-547.7
9231.0,-529.8
9241.2,-513.4
9251.6,-498.3
9263.5,-481.2
9274.9,-466.6
9287.3,-451.0
9299.9,-435.7
9312.7,-421.7
9325.8,-407.8
9339.0,-394.0
9351.7,-381.3
9364.1,-369.6
9375.6,-358.7
9385.5,-349.8
9394.9,-341.8
9403.7,-333.4
9411.1,-327.1
9417.9,-321.6
9424.3,-315.9
9430.0,-310.0
9435.7,-303.9
9441.4,-297.9
9446.3,-294.1
9449.9,-292.1
9452.4,-290.8
9453.8,-290.3
9454.7,-289.5
9454.9,-289.6
9455.1,-289.7
9455.2,-289.7
9455.4,-289.8
9456.1,-288.9
9456.3,-289.0
9456.6,-289.2
9456.8,-289.2
9456.9,-289.3
9456.9,-289.3
9457.1,-289.4
9457.5,-289.6
9458.9,-289.1
9461.4,-287.7
9465.0,-286.9
9470.1,-286.9
9476.8,-286.4
9484.2,-286.2
9492.3,-283.9
9500.2,-280.3
9506.8,-274.7
9510.7,-265.4
9512.5,-256.2
9511.7,-247.0
9509.5,-237.2
9505.9,-226.7
9499.8,-217.4
9492.3,-208.8
9484.5,-200.1
9476.1,-192.3
9467.4,-185.6
9457.6,-180.8
9446.7,-176.9
9435.0,-173.7
9423.2,-171.8
9412.1,-168.9
9402.8,-163.2
9393.9,-155.1
9388.0,-147.2
9384.5,-135.6
9382.1,-124.4
9381.4,-111.5
9381.8,-97.9
9382.9,-83.3
9384.9,-67.9
9387.5,-52.9
9390.6,-38.0
9395.3,-21.4
9399.9,-7.2
9405.7,7.6
9412.3,21.9
9419.8,36.0
9427.3,48.7
9436.2,62.1
9445.2,74.0
9455.1,85.6
9466.1,97.9
9477.0,109.0
9488.6,121.0
9499.9,131.8
9511.3,142.7
9522.7,153.6
9534.6,165.5
9546.1,176.3
9557.5,187.2
9568.9,198.0
9580.3,208.8
9591.5,219.8
9602.8,230.7
9614.0,241.6
9625.3,252.6
9636.5,263.5
9647.6,274.5
9658.8,285.5
9669.9,296.4
9681.0,307.4
9692.7,319.4
9703.6,329.2
9715.4,341.1
9727.3,352.9
9739.3,364.9
9750.8,375.7
9763.3,388.5
9775.6,400.1
9787.4,410.8
9799.8,422.5
9812.5,434.0
9825.3,445.4
9838.0,455.7
9850.7,465.9
9864.1,477.1
9877.0,487.2
9890.2,497.2
9903.9,508.2
9917.0,518.2
9930.7,529.3
9943.6,539.4
9955.7,548.7
9968.3,559.0
9980.0,568.4
9991.7,577.8
10003.6,587.2
10015.5,596.5
10026.7,604.9
10037.7,613.4
10049.0,623.0
10058.8,630.8
10068.3,638.9
10077.2,647.1
10084.8,654.6
10092.3,663.5
10098.9,671.6
10104.4,679.0
10109.6,686.5
10113.9,693.1
10118.5,699.7
10122.7,706.3
10127.6,714.0
10131.9,721.9
10136.2,731.1
10140.0,741.8
10143.0,753.0
10145.1,764.4
10146.8,776.1
10147.6,787.0
10148.6,799.1
10148.7,810.3
10148.3,821.8
10147.3,832.3
10145.9,843.0
10144.1,853.8
10141.5,863.8
10138.7,875.2
10135.7,886.7
10131.9,897.2
10128.5,909.0
10125.0,920.7
10121.4,932.5
10117.4,944.5
10113.1,956.5
10108.9,968.6
10104.7,980.6
10100.6,992.6
10096.8,1004.6
10092.7,1015.3
10089.3,1027.0
10085.5,1037.6
10081.9,1048.0
10078.3,1058.6
10075.0,1069.0
10071.7,1079.3
10067.9,1087.5
10064.4,1095.3
10061.3,1101.8
10058.5,1108.2
10056.3,1114.1
10055.4,1120.8
10056.1,1129.2
10057.1,1138.8
10056.5,1147.7
10055.2,1158.5
10053.2,1170.8
10050.3,1182.2
10047.6,1194.8
10044.5,1206.3
10041.2,1217.9
10038.5,1230.5
10035.3,1242.1
10032.4,1253.5
10029.7,1264.8
10028.0,1276.9
10026.0,1287.8
10024.2,1298.8
10022.7,1309.4
10021.9,1321.1
10020.9,1331.7
10020.7,1343.0
10021.8,1355.0
10023.6,1366.7
10026.0,1378.1
10028.9,1389.2
10032.9,1401.1
10036.8,1411.7
10041.5,1423.2
10046.5,1434.6
10052.1,1445.8
10057.3,1455.8
10062.9,1466.8
10068.3,1476.7
10073.7,1486.7
10079.1,1496.6
10084.7,1506.5
10089.0,1514.3
10094.0,1523.2
10098.3,1531.1
10102.4,1539.2
10106.1,1546.0
10108.7,1551.1
10111.5,1555.9
10113.7,1559.9
10115.8,1563.8
10117.3,1566.8
10119.9,1571.7
10122.6,1576.8
10124.5,1582.0
10125.2,1587.9
10124.8,1595.7
10121.6,1602.1
10118.6,1609.8
10115.4,1617.6
10112.4,1626.5
10109.5,1636.7
10106.9,1646.8
10104.4,1658.0
10102.7,1670.1
10100.4,1681.2
10098.9,1694.4
10097.2,1706.6
10095.5,1718.7
10093.8,1730.8
10091.9,1741.7
10090.5,1753.7
10088.7,1764.6
10087.3,1776.6
10085.1,1787.6
10083.0,1798.7
10080.9,1809.7
10078.9,1821.9
10077.0,1834.1
10075.1,1846.3
10073.0,1858.7
10070.2,1870.0
10067.9,1882.4
10066.5,1895.7
10064.2,1908.0
10061.8,1920.4
10059.1,1931.8
10056.4,1944.4
10053.3,1956.0
10050.2,1968.7
10046.3,1980.6
10042.4,1992.6
10038.5,2004.4
10034.7,2016.3
10030.5,2027.1
10026.7,2037.7
10022.9,2048.3
10018.8,2057.8
10015.3,2068.3
10011.2,2076.5
10008.2,2085.5
10005.2,2093.2
10002.2,2100.8
9999.1,2107.3
9996.9,2114.6
9994.6,2120.8
9992.8,2126.5
9990.7,2131.2
9989.1,2135.8
9987.3,2139.1
9986.2,2143.4
9984.9,2146.6
9983.7,2149.6
9982.5,2152.7
9981.4,2155.7
9980.3,2157.5
9979.8,2158.9
9979.4,2159.1
9979.2,2160.4
9978.8,2160.6
9978.9,2161.9
9978.3,2162.2
9977.7,2162.5
9977.5,2163.8
9977.1,2165.2
9976.2,2166.9
9975.1,2169.9
9973.1,2173.3
9971.5,2179.1
9968.8,2184.2
9966.1,2190.5
9963.2,2196.8
9961.1,2204.1
9958.8,2209.0
9956.9,2212.4
9955.6,2215.4
9954.5,2217.2
9953.9,2218.7
9953.2,2219.0
9953.4,2220.2
9953.3,2220.2
9953.3,2220.2
9953.3,2220.2
9953.2,2220.3
9952.7,2219.3
9952.7,2219.3
9952.7,2219.3
9952.8,2219.2
9952.8,2219.2
9952.8,2219.2
9952.8,2219.2
9952.8,2219.2
9952.8,2219.2
9952.8,2219.2
9952.8,2219.2
9952.7,2219.3
9952.7,2219.3
9952.4,2219.4
9952.4,2219.4
9952.4,2219.4
9952.4,2219.4
9952.4,2219.4
9952.4,2219.4
9952.4,2219.4
9952.2,2219.5
9952.1,2219.6
9951.9,2220.9
9950.5,2221.6
9948.4,2223.9
9945.7,2227.7
9942.5,2232.9
9938.4,2237.4
9934.6,2243.0
9931.0,2248.5
9927.1,2254.1
9923.2,2258.5
9920.5,2263.5
9918.7,2266.9
9917.3,2268.8
9917.2,2271.3
9916.6,2271.6
9916.8,2272.7
9916.8,2272.7
9916.7,2272.8
9916.7,2272.8
9916.7,2272.8
9916.7,2272.8
9916.7,2272.8
9916.7,2272.8
9916.7,2272.8
9916.7,2272.8
9916.7,2272.8
9916.6,2272.9
9916.6,2272.9
9916.6,2272.9
9916.6,2272.9
9916.6,2272.9
9916.6,2272.9
9916.6,2272.9
9916.6,2272.9
9916.6,2272.9
9916.7,2272.8
9916.7,2272.8
9916.7,2272.8
9917.1,2273.8
9917.1,2273.8
9917.1,2273.8
9917.1,2273.8
9917.2,2273.8
9917.2,2273.8
9917.2,2273.8
9917.2,2273.8
9917.2,2273.8
9917.2,2273.8
9917.2,2273.8
9917.2,2273.8
9917.3,2273.7
9917.3,2273.7
9917.3,2273.7
9917.4,2273.7
9917.5,2273.7
9917.5,2273.7
9917.6,2274.8
9917.5,2274.9
9916.9,2275.2
9916.3,2277.9
9914.8,2281.1
9913.1,2285.8
9911.7,2292.6
9909.7,2298.6
9906.4,2305.2
9901.7,2311.2
9895.3,2316.8
9888.0,2322.8
9880.4,2329.0
9873.3,2336.1
9866.3,2343.2
9860.0,2351.3
9854.1,2357.9
9849.6,2366.3
9845.5,2372.1
9842.8,2378.4
9839.6,2383.6
9835.8,2389.3
9831.7,2396.1
9827.5,2403.2
9823.7,2411.2
9820.3,2420.4
9816.3,2429.9
9812.5,2440.4
9808.0,2450.1
9804.2,2460.8
9801.1,2472.3
9797.5,2481.5
9794.9,2491.5
9792.2,2500.2
9789.6,2507.8
9787.6,2515.1
9785.3,2521.1
9783.3,2525.8
9781.6,2530.3
9780.2,2534.8
9778.4,2538.1
9776.8,2541.4
9775.2,2544.6
9774.1,2549.0
9772.0,2552.4
9769.9,2557.1
9767.8,2563.2
9765.0,2568.2
9762.8,2576.8
9760.8,2581.5
9757.9,2587.8
9757.1,2592.0
9755.7,2596.4
9753.8,2601.0
9751.5,2604.7
9749.5,2609.3
9748.7,2614.8
9747.3,2619.1
9745.6,2623.7
9743.8,2628.3
9742.4,2635.2
9740.5,2641.1
9738.0,2646.0
9736.5,2651.8
9734.8,2657.5
9733.3,2663.3
9732.0,2667.6
9730.6,2670.9
9729.9,2673.7
9729.4,2675.1
9729.1,2676.5
9729.0,2677.8
9729.0,2679.0
9728.7,2679.2
9728.6,2679.2
9729.2,2680.2
9728.9,2679.1
9728.9,2679.1
9729.0,2679.0
9729.1,2679.0
9729.3,2678.9
9729.3,2678.9
9729.3,2678.9
9729.0,2680.2
9727.8,2682.1
9726.8,2686.3
9724.7,2689.8
9721.5,2692.5
9718.3,2695.4
9714.6,2697.1
9710.1,2698.0
9705.2,2697.9
9701.3,2696.1
9696.9,2693.2
9694.2,2690.9
9691.9,2686.9
9691.0,2684.9
9690.2,2682.8
9689.5,2680.7
9688.5,2678.7
9687.3,2675.5
9686.5,2672.2
9685.5,2667.6
9684.7,2663.1
9683.3,2657.5
9681.4,2651.0
9679.2,2644.5
9678.0,2637.6
9673.3,2629.8
9669.6,2621.7
9667.2,2612.8
9666.9,2603.0
9667.5,2593.9
9669.6,2585.4
9672.1,2578.0
9673.9,2572.2
9675.4,2567.6
9676.3,2564.7
9677.1,2563.1
9677.4,2561.7
9677.9,2561.5
9678.0,2561.5
9677.6,2560.4
9677.6,2560.4
9677.6,2560.4
9677.1,2559.4
9677.0,2559.5
9676.9,2559.5
9676.9,2559.5
9676.9,2559.5
9676.7,2559.6
9676.7,2559.6
9676.9,2559.5
9677.2,2558.1
9678.9,2556.1
9681.8,2553.4
9685.4,2550.4
9689.9,2548.3
9694.6,2546.0
9699.5,2544.9
9704.0,2545.2
9707.6,2544.7
9711.6,2545.3
9714.9,2545.0
9717.4,2545.0
9719.0,2544.2
9720.9,2544.6
9721.8,2544.1
9722.5,2543.8
9723.5,2544.6
9723.7,2544.4
9723.9,2544.4
9724.0,2544.3
9724.0,2544.3
9724.0,2544.3
9724.0,2544.3
9724.0,2544.3
9724.0,2544.3
9724.0,2544.3
9724.0,2544.3
9724.0,2544.3
9724.5,2545.3
9724.7,2545.2
9724.9,2545.1
9724.9,2545.1
9724.9,2545.1
9725.0,2545.0
9725.3,2544.9
9726.9,2545.4
9729.7,2545.3
9733.4,2544.7
9737.7,2545.1
9742.2,2545.4
9747.1,2546.8
9752.9,2550.2
9758.2,2556.4
9760.4,2564.1
9762.7,2573.0
9762.9,2580.4
9762.0,2588.2
9760.8,2597.7
9758.6,2603.7
9756.2,2609.8
9753.7,2617.3
9751.6,2622.0
9751.2,2627.2
9751.8,2630.6
9755.6,2633.8
9763.9,2635.9
9771.5,2637.3
9779.8,2640.9
9788.6,2645.3
9795.6,2649.5
9800.7,2658.3
9802.6,2668.6
9803.5,2679.5
9804.8,2690.0
9806.9,2700.3
9810.1,2711.3
9813.3,2721.0
9817.4,2730.3
9822.3,2738.0
9827.2,2744.3
9833.9,2749.8
9838.6,2755.1
9843.4,2761.5
9847.0,2766.0
9850.1,2769.4
9852.2,2770.9
9854.1,2772.5
9855.2,2773.2
9855.4,2773.1
9855.4,2773.1
9855.4,2773.1
9855.4,2773.1
9855.8,2772.9
9857.7,2773.2
9862.1,2773.6
9867.8,2772.1
9873.5,2768.1
9880.4,2763.5
9888.1,2757.3
9895.7,2749.9
9903.3,2742.5
9911.1,2736.2
9917.9,2729.2
9925.4,2724.3
9932.3,2719.8
9939.4,2716.3
9945.3,2712.2
9951.1,2709.5
9956.3,2706.8
9961.0,2704.6
9966.7,2704.4
9971.6,2707.0
9977.0,2713.1
9982.5,2719.2
9988.2,2725.2
9994.1,2731.1
10000.2,2736.9
10005.4,2741.8
10010.5,2746.9
10014.6,2751.1
10018.2,2754.5
10020.6,2757.0
10021.7,2758.9
10021.7,2762.6
10020.0,2767.2
10016.0,2771.6
10011.4,2776.3
10007.6,2780.7
10004.2,2783.6
10001.5,2786.1
9999.3,2788.4
9996.9,2789.6
9994.1,2790.9
9990.6,2792.6
9987.3,2794.2
9983.9,2793.4
9980.5,2791.2
9976.9,2788.0
9974.1,2785.6
9970.9,2782.2
9968.1,2779.9
9965.1,2777.5
9961.7,2774.1
9958.5,2770.8
9955.1,2767.5
9952.6,2764.9
9949.9,2762.4
9947.4,2759.9
9944.8,2757.5
9942.1,2755.1
9939.6,2752.6
9937.9,2750.9
9936.1,2749.2
9934.4,2747.5
9932.0,2745.0
9930.1,2744.7
9927.6,2744.7
9924.7,2746.0
9922.0,2748.6
9919.2,2751.2
9917.5,2754.5
9915.5,2756.7
9913.7,2758.8
9912.1,2760.8
9911.4,2763.6
9911.5,2766.0
9913.3,2769.0
9915.8,2771.5
9918.4,2773.9
9921.0,2776.4
9922.8,2778.0
9924.4,2779.7
9925.4,2780.5
9926.5,2781.2
9927.8,2783.1
9928.9,2783.8
9929.8,2783.4
9930.8,2782.9
9931.9,2782.3
9932.7,2781.9
9933.4,2781.5
9933.8,2781.4
9933.9,2780.1
9934.6,2779.8
9935.5,2779.3
9936.0,2777.8
9936.8,2777.5
9937.1,2777.3
9937.1,2777.3
9937.0,2777.3
9936.9,2777.4
9936.6,2777.5
9936.1,2777.8
9935.7,2778.0
9935.6,2778.0
9935.7,2778.0
9935.7,2778.0
9935.7,2778.0
9935.8,2777.9
9935.7,2778.0
9935.7,2778.0
9935.7,2778.0
9935.7,2778.0
9935.7,2778.0
9935.7,2778.0
9935.6,2778.0
9935.6,2778.0
9935.6,2778.0
9935.6,2778.0
9935.6,2778.0
9935.5,2778.0
9935.5,2778.0
9935.5,2778.0
9935.5,2778.0
9935.5,2778.0
9935.5,2778.0
9935.5,2778.0
9935.5,2778.0
9935.4,2778.1
9935.4,2778.1
9935.5,2778.0
9935.5,2778.0
9935.5,2778.0
9935.4,2778.1
9935.4,2778.1
9935.5,2778.0
9935.5,2778.0
9935.5,2778.0
9935.5,2778.0
9935.6,2778.0
9935.5,2778.0
9935.5,2778.0
9935.5,2778.0
9935.6,2778.0
9935.7,2778.0
9935.8,2777.9
9935.8,2777.9
9935.5,2776.9
9935.5,2776.8
9935.6,2776.8
9935.7,2776.7
9935.8,2776.7
9935.8,2776.7
9935.9,2776.6
9936.1,2776.6
9936.1,2776.5
9936.2,2776.5
9936.3,2776.5
9936.3,2776.5
9936.4,2776.4
9935.9,2775.4
9936.0,2775.3
9936.0,2775.3
9936.2,2775.3
9936.2,2775.3
9936.2,2775.3
9936.3,2775.2
9936.3,2775.2
9936.5,2775.1
